# Made in Blockbench 4.11.2
mtllib sittingSlim.mtl

o Head
v 0.05370405789585822 1.4547248037019345 0.37776133856539995
v 0.3180011361581193 1.5414663637344856 -0.037717850065211916
v 0.10350446719244652 0.9623209470556873 0.30663918172384796
v 0.36780154545470756 1.0490625070882384 -0.1088400069067639
v -0.10350446719244652 1.5376790529443127 -0.30663918172384796
v -0.36780154545470756 1.4509374929117616 0.1088400069067639
v -0.05370405789585822 1.0452751962980655 -0.37776133856539995
v -0.3180011361581193 0.9585336362655144 0.037717850065211916
vt 0.125 0.875
vt 0.25 0.875
vt 0.25 0.75
vt 0.125 0.75
vt 0 0.875
vt 0.125 0.875
vt 0.125 0.75
vt 0 0.75
vt 0.375 0.875
vt 0.5 0.875
vt 0.5 0.75
vt 0.375 0.75
vt 0.25 0.875
vt 0.375 0.875
vt 0.375 0.75
vt 0.25 0.75
vt 0.25 0.875
vt 0.125 0.875
vt 0.125 1
vt 0.25 1
vt 0.375 1
vt 0.25 1
vt 0.25 0.875
vt 0.375 0.875
vn 0.5285941565245222 0.17348312006510241 -0.8309583772612239
vn 0.8430112067011316 0.00757462158034565 0.537842663317272
vn -0.5285941565245222 -0.17348312006510241 0.8309583772612239
vn -0.8430112067011316 -0.00757462158034565 -0.537842663317272
vn -0.09960081859317664 0.9848077132924944 0.14224431368310403
vn 0.09960081859317664 -0.9848077132924944 -0.14224431368310403
usemtl m_6e0cfcd5-820a-aaed-742c-7b11c5e8b3f5
f 4/4/1 7/3/1 5/2/1 2/1/1
f 3/8/2 4/7/2 2/6/2 1/5/2
f 8/12/3 3/11/3 1/10/3 6/9/3
f 7/16/4 8/15/4 6/14/4 5/13/4
f 6/20/5 1/19/5 2/18/5 5/17/5
f 7/24/6 4/23/6 3/22/6 8/21/6
o Hat Layer
v 0.06041706513284048 1.4803154041646762 0.4249815058860749
v 0.3577512781778842 1.5778996592012962 -0.042432581323363416
v 0.11644252559150231 0.9263610654376482 0.3449690794393289
v 0.413776738636546 1.0239453204742683 -0.12244500777010942
v -0.11644252559150231 1.5736389345623518 -0.3449690794393289
v -0.413776738636546 1.4760546795257317 0.12244500777010942
v -0.06041706513284048 1.0196845958353238 -0.4249815058860749
v -0.3577512781778842 0.9221003407987037 0.042432581323363416
vt 0.625 0.875
vt 0.75 0.875
vt 0.75 0.75
vt 0.625 0.75
vt 0.5 0.875
vt 0.625 0.875
vt 0.625 0.75
vt 0.5 0.75
vt 0.875 0.875
vt 1 0.875
vt 1 0.75
vt 0.875 0.75
vt 0.75 0.875
vt 0.875 0.875
vt 0.875 0.75
vt 0.75 0.75
vt 0.75 0.875
vt 0.625 0.875
vt 0.625 1
vt 0.75 1
vt 0.875 1
vt 0.75 1
vt 0.75 0.875
vt 0.875 0.875
vn 0.5285941565245222 0.17348312006510241 -0.8309583772612239
vn 0.8430112067011316 0.00757462158034565 0.537842663317272
vn -0.5285941565245222 -0.17348312006510241 0.8309583772612239
vn -0.8430112067011316 -0.00757462158034565 -0.537842663317272
vn -0.09960081859317664 0.9848077132924944 0.14224431368310403
vn 0.09960081859317664 -0.9848077132924944 -0.14224431368310403
usemtl m_6e0cfcd5-820a-aaed-742c-7b11c5e8b3f5
f 12/28/7 15/27/7 13/26/7 10/25/7
f 11/32/8 12/31/8 10/30/8 9/29/8
f 16/36/9 11/35/9 9/34/9 14/33/9
f 15/40/10 16/39/10 14/38/10 13/37/10
f 14/44/11 9/43/11 10/42/11 13/41/11
f 15/48/12 12/47/12 11/46/12 16/45/12
o Body
v 0.25 1 0.125
v 0.25 1 -0.125
v 0.25 0.2500000000000001 0.125
v 0.25 0.2500000000000001 -0.125
v -0.25 1 -0.125
v -0.25 1 0.125
v -0.25 0.2500000000000001 -0.125
v -0.25 0.2500000000000001 0.125
vt 0.3125 0.6875
vt 0.4375 0.6875
vt 0.4375 0.5
vt 0.3125 0.5
vt 0.25 0.6875
vt 0.3125 0.6875
vt 0.3125 0.5
vt 0.25 0.5
vt 0.5 0.6875
vt 0.625 0.6875
vt 0.625 0.5
vt 0.5 0.5
vt 0.4375 0.6875
vt 0.5 0.6875
vt 0.5 0.5
vt 0.4375 0.5
vt 0.4375 0.6875
vt 0.3125 0.6875
vt 0.3125 0.75
vt 0.4375 0.75
vt 0.5625 0.75
vt 0.4375 0.75
vt 0.4375 0.6875
vt 0.5625 0.6875
vn 0 0 -1
vn 1 0 0
vn 0 0 1
vn -1 0 0
vn 0 1 0
vn 0 -1 0
usemtl m_6e0cfcd5-820a-aaed-742c-7b11c5e8b3f5
f 20/52/13 23/51/13 21/50/13 18/49/13
f 19/56/14 20/55/14 18/54/14 17/53/14
f 24/60/15 19/59/15 17/58/15 22/57/15
f 23/64/16 24/63/16 22/62/16 21/61/16
f 22/68/17 17/67/17 18/66/17 21/65/17
f 23/72/18 20/71/18 19/70/18 24/69/18
o Body Layer
v 0.265625 1.015625 0.140625
v 0.265625 1.015625 -0.140625
v 0.265625 0.2343750000000001 0.140625
v 0.265625 0.2343750000000001 -0.140625
v -0.265625 1.015625 -0.140625
v -0.265625 1.015625 0.140625
v -0.265625 0.2343750000000001 -0.140625
v -0.265625 0.2343750000000001 0.140625
vt 0.3125 0.4375
vt 0.4375 0.4375
vt 0.4375 0.25
vt 0.3125 0.25
vt 0.25 0.4375
vt 0.3125 0.4375
vt 0.3125 0.25
vt 0.25 0.25
vt 0.5 0.4375
vt 0.625 0.4375
vt 0.625 0.25
vt 0.5 0.25
vt 0.4375 0.4375
vt 0.5 0.4375
vt 0.5 0.25
vt 0.4375 0.25
vt 0.4375 0.4375
vt 0.3125 0.4375
vt 0.3125 0.5
vt 0.4375 0.5
vt 0.5625 0.5
vt 0.4375 0.5
vt 0.4375 0.4375
vt 0.5625 0.4375
vn 0 0 -1
vn 1 0 0
vn 0 0 1
vn -1 0 0
vn 0 1 0
vn 0 -1 0
usemtl m_6e0cfcd5-820a-aaed-742c-7b11c5e8b3f5
f 28/76/19 31/75/19 29/74/19 26/73/19
f 27/80/20 28/79/20 26/78/20 25/77/20
f 32/84/21 27/83/21 25/82/21 30/81/21
f 31/88/22 32/87/22 30/86/22 29/85/22
f 30/92/23 25/91/23 26/90/23 29/89/23
f 31/96/24 28/95/24 27/94/24 32/93/24
o Right Arm
v 0.454659904710036 0.9376313232474088 0.13073554350593672
v 0.42280194113280095 1.0525279062885535 -0.08900031010512266
v 0.43347253494298243 0.272013579196964 -0.2142341858436842
v 0.4016145713657474 0.3869101622381086 -0.4339700394547436
v 0.2369060148103089 1.0461934979972214 -0.06536072786893853
v 0.26876397838754396 0.9312969149560766 0.15437512574212087
v 0.21571864504325536 0.38057575394677645 -0.4103304572185595
v 0.24757660862049038 0.26567917090563187 -0.19059460360750008
vt 0.6875 0.6875
vt 0.734375 0.6875
vt 0.734375 0.5
vt 0.6875 0.5
vt 0.625 0.6875
vt 0.6875 0.6875
vt 0.6875 0.5
vt 0.625 0.5
vt 0.796875 0.6875
vt 0.84375 0.6875
vt 0.84375 0.5
vt 0.796875 0.5
vt 0.734375 0.6875
vt 0.796875 0.6875
vt 0.796875 0.5
vt 0.734375 0.5
vt 0.734375 0.6875
vt 0.6875 0.6875
vt 0.6875 0.75
vt 0.734375 0.75
vt 0.78125 0.75
vt 0.734375 0.75
vt 0.734375 0.6875
vt 0.78125 0.6875
vn -0.12743185430894013 0.4595863321645786 -0.8789434144442375
vn 0.9914449403866243 0.03378351088710499 -0.12607777192631536
vn 0.12743185430894013 -0.4595863321645786 0.8789434144442375
vn -0.9914449403866243 -0.03378351088710499 0.12607777192631536
vn 0.028249826356071414 0.887490325400593 0.45995963913282795
vn -0.028249826356071414 -0.887490325400593 -0.45995963913282795
usemtl m_6e0cfcd5-820a-aaed-742c-7b11c5e8b3f5
f 36/100/25 39/99/25 37/98/25 34/97/25
f 35/104/26 36/103/26 34/102/26 33/101/26
f 40/108/27 35/107/27 33/106/27 38/105/27
f 39/112/28 40/111/28 38/110/28 37/109/28
f 38/116/29 33/115/29 34/114/29 37/113/29
f 39/120/30 36/119/30 35/118/30 40/117/30
o Right Arm Layer
v 0.4725837581639678 0.9448451904993326 0.1496859385317297
v 0.4367435491395784 1.0741038464206203 -0.0975168967807121
v 0.450513581323287 0.25149337378011916 -0.20965752954079214
v 0.4146733722988976 0.380752029701407 -0.45686036485323395
v 0.21986496843000436 1.0667137034140661 -0.06993738417183062
v 0.25570517745439375 0.9374550474927783 0.17726545114061118
v 0.19779479158932356 0.3733618866948528 -0.4292808522443525
v 0.23363500061371295 0.244103230773565 -0.18207801693191067
vt 0.6875 0.4375
vt 0.734375 0.4375
vt 0.734375 0.25
vt 0.6875 0.25
vt 0.625 0.4375
vt 0.6875 0.4375
vt 0.6875 0.25
vt 0.625 0.25
vt 0.796875 0.4375
vt 0.84375 0.4375
vt 0.84375 0.25
vt 0.796875 0.25
vt 0.734375 0.4375
vt 0.796875 0.4375
vt 0.796875 0.25
vt 0.734375 0.25
vt 0.734375 0.4375
vt 0.6875 0.4375
vt 0.6875 0.5
vt 0.734375 0.5
vt 0.78125 0.5
vt 0.734375 0.5
vt 0.734375 0.4375
vt 0.78125 0.4375
vn -0.12743185430894013 0.4595863321645786 -0.8789434144442375
vn 0.9914449403866243 0.03378351088710499 -0.12607777192631536
vn 0.12743185430894013 -0.4595863321645786 0.8789434144442375
vn -0.9914449403866243 -0.03378351088710499 0.12607777192631536
vn 0.028249826356071414 0.887490325400593 0.45995963913282795
vn -0.028249826356071414 -0.887490325400593 -0.45995963913282795
usemtl m_6e0cfcd5-820a-aaed-742c-7b11c5e8b3f5
f 44/124/31 47/123/31 45/122/31 42/121/31
f 43/128/32 44/127/32 42/126/32 41/125/32
f 48/132/33 43/131/33 41/130/33 46/129/33
f 47/136/34 48/135/34 46/134/34 45/133/34
f 46/140/35 41/139/35 42/138/35 45/137/35
f 47/144/36 44/143/36 43/142/36 48/141/36
o Left Arm
v -0.25261669767194606 0.9349899530838722 0.15962295612276234
v -0.24883814799628168 1.051100808154783 -0.06174549668172036
v -0.24402254011947982 0.27079200261946046 -0.18861148079414863
v -0.24024399044381545 0.38690285769037114 -0.40997993359863133
v -0.4363044188820567 1.050514153912903 -0.06525307661405558
v -0.440082968557721 0.9344032988419924 0.15611537619042715
v -0.42771026132959045 0.38631620344849127 -0.4134875135309666
v -0.43148881100525477 0.2702053483775806 -0.19211906072648388
vt 0.5625 0.1875
vt 0.609375 0.1875
vt 0.609375 0
vt 0.5625 0
vt 0.5 0.1875
vt 0.5625 0.1875
vt 0.5625 0
vt 0.5 0
vt 0.671875 0.1875
vt 0.71875 0.1875
vt 0.71875 0
vt 0.671875 0
vt 0.609375 0.1875
vt 0.671875 0.1875
vt 0.671875 0
vt 0.609375 0
vt 0.609375 0.1875
vt 0.5625 0.1875
vt 0.5625 0.25
vt 0.609375 0.25
vt 0.65625 0.25
vt 0.609375 0.25
vt 0.609375 0.1875
vt 0.65625 0.1875
vn 0.015114198702657445 0.46444342028364305 -0.8854738112179309
vn 0.9998201113908 0.003128822623359207 0.01870709297245448
vn -0.015114198702657445 -0.46444342028364305 0.8854738112179309
vn -0.9998201113908 -0.003128822623359207 -0.01870709297245448
vn -0.011458876736621625 0.8855972672858825 0.46431258255588126
vn 0.011458876736621625 -0.8855972672858825 -0.46431258255588126
usemtl m_6e0cfcd5-820a-aaed-742c-7b11c5e8b3f5
f 52/148/37 55/147/37 53/146/37 50/145/37
f 51/152/38 52/151/38 50/150/38 49/149/38
f 56/156/39 51/155/39 49/154/39 54/153/39
f 55/160/40 56/159/40 54/158/40 53/157/40
f 54/164/41 49/163/41 50/162/41 53/161/41
f 55/168/42 52/167/42 51/166/42 56/165/42
o Left Arm Layer
v -0.2374097127352035 0.9416193697967722 0.18100566685317276
v -0.2331588443500811 1.0722440817515468 -0.0680338425518703
v -0.2284574652847179 0.24974650472967663 -0.18173853826860947
v -0.2242065968995955 0.3803712166844512 -0.4307780476736525
v -0.4518694937168186 1.071559651802687 -0.07212601913959472
v -0.45612036210194096 0.9409349398479124 0.17691349026544834
v -0.442917246266333 0.3796867867355913 -0.43487022426137695
v -0.44716811465145534 0.24906207478081677 -0.1858307148563339
vt 0.8125 0.1875
vt 0.859375 0.1875
vt 0.859375 0
vt 0.8125 0
vt 0.75 0.1875
vt 0.8125 0.1875
vt 0.8125 0
vt 0.75 0
vt 0.921875 0.1875
vt 0.96875 0.1875
vt 0.96875 0
vt 0.921875 0
vt 0.859375 0.1875
vt 0.921875 0.1875
vt 0.921875 0
vt 0.859375 0
vt 0.859375 0.1875
vt 0.8125 0.1875
vt 0.8125 0.25
vt 0.859375 0.25
vt 0.90625 0.25
vt 0.859375 0.25
vt 0.859375 0.1875
vt 0.90625 0.1875
vn 0.015114198702657445 0.46444342028364305 -0.8854738112179309
vn 0.9998201113908 0.003128822623359207 0.01870709297245448
vn -0.015114198702657445 -0.46444342028364305 0.8854738112179309
vn -0.9998201113908 -0.003128822623359207 -0.01870709297245448
vn -0.011458876736621625 0.8855972672858825 0.46431258255588126
vn 0.011458876736621625 -0.8855972672858825 -0.46431258255588126
usemtl m_6e0cfcd5-820a-aaed-742c-7b11c5e8b3f5
f 60/172/43 63/171/43 61/170/43 58/169/43
f 59/176/44 60/175/44 58/174/44 57/173/44
f 64/180/45 59/179/45 57/178/45 62/177/45
f 63/184/46 64/183/46 62/182/46 61/181/46
f 62/188/47 57/187/47 58/186/47 61/185/47
f 63/192/48 60/191/48 59/190/48 64/189/48
o Right Leg
v 0.23273676678391705 0.14301775492344687 0.11001744553173465
v 0.23273671690850667 0.3889536127420936 0.0651225255629462
v 0.4014506761655571 0.011785015447139446 -0.608880033160956
v 0.4014506262901467 0.2577208732657862 -0.6537749531297444
v -0.010855751680857062 0.37885436832260433 0.009798800917047115
v -0.01085570180544665 0.13291851050395764 0.05469372088583556
v 0.157858157700783 0.2476216288462969 -0.7090986777756435
v 0.15785820757619334 0.001685771027650218 -0.664203757806855
vt 0.0625 0.6875
vt 0.125 0.6875
vt 0.125 0.5
vt 0.0625 0.5
vt 0 0.6875
vt 0.0625 0.6875
vt 0.0625 0.5
vt 0 0.5
vt 0.1875 0.6875
vt 0.25 0.6875
vt 0.25 0.5
vt 0.1875 0.5
vt 0.125 0.6875
vt 0.1875 0.6875
vt 0.1875 0.5
vt 0.125 0.5
vt 0.125 0.6875
vt 0.0625 0.6875
vt 0.0625 0.75
vt 0.125 0.75
vt 0.1875 0.75
vt 0.125 0.75
vt 0.125 0.6875
vt 0.1875 0.6875
vn -1.995016416025952e-7 0.9837434312745869 -0.1795796798751537
vn 0.9743698743574549 0.040396977677956976 0.22129489858359636
vn 1.995016416025952e-7 -0.9837434312745869 0.1795796798751537
vn -0.9743698743574549 -0.040396977677956976 -0.22129489858359636
vn -0.22495187917552006 0.17497698596841002 0.9585299715902541
vn 0.22495187917552006 -0.17497698596841002 -0.9585299715902541
usemtl m_6e0cfcd5-820a-aaed-742c-7b11c5e8b3f5
f 68/196/49 71/195/49 69/194/49 66/193/49
f 67/200/50 68/199/50 66/198/50 65/197/50
f 72/204/51 67/203/51 65/202/51 70/201/51
f 71/208/52 72/207/52 70/206/52 69/205/52
f 70/212/53 65/211/53 66/210/53 69/209/53
f 71/216/54 68/215/54 67/214/54 72/213/54
o Right Leg Layer
v 0.24444642607584793 0.13101198199175595 0.13125814162625035
v 0.24444636996601127 0.4076898220377335 0.08075135666136335
v 0.42019008168172295 -0.00568878829606434 -0.6175933986786357
v 0.4201900255718863 0.2709890517499133 -0.6681001836435227
v -0.029595157197022937 0.3963281720658081 0.018512166434726862
v -0.02959510108718627 0.11965033201983055 0.06901895139961386
v 0.14614849840885208 0.2596274017779878 -0.7303393738701591
v 0.14614855451868874 -0.017050438267989687 -0.6798325889052721
vt 0.0625 0.4375
vt 0.125 0.4375
vt 0.125 0.25
vt 0.0625 0.25
vt 0 0.4375
vt 0.0625 0.4375
vt 0.0625 0.25
vt 0 0.25
vt 0.1875 0.4375
vt 0.25 0.4375
vt 0.25 0.25
vt 0.1875 0.25
vt 0.125 0.4375
vt 0.1875 0.4375
vt 0.1875 0.25
vt 0.125 0.25
vt 0.125 0.4375
vt 0.0625 0.4375
vt 0.0625 0.5
vt 0.125 0.5
vt 0.1875 0.5
vt 0.125 0.5
vt 0.125 0.4375
vt 0.1875 0.4375
vn -1.995016416025952e-7 0.9837434312745869 -0.1795796798751537
vn 0.9743698743574549 0.040396977677956976 0.22129489858359636
vn 1.995016416025952e-7 -0.9837434312745869 0.1795796798751537
vn -0.9743698743574549 -0.040396977677956976 -0.22129489858359636
vn -0.22495187917552006 0.17497698596841002 0.9585299715902541
vn 0.22495187917552006 -0.17497698596841002 -0.9585299715902541
usemtl m_6e0cfcd5-820a-aaed-742c-7b11c5e8b3f5
f 76/220/55 79/219/55 77/218/55 74/217/55
f 75/224/56 76/223/56 74/222/56 73/221/56
f 80/228/57 75/227/57 73/226/57 78/225/57
f 79/232/58 80/231/58 78/230/58 77/229/58
f 78/236/59 73/235/59 74/234/59 77/233/59
f 79/240/60 76/239/60 75/238/60 80/237/60
o Left Leg
v -0.006833081104390015 0.13176431578283812 0.049298380275953575
v -0.006833069584732898 0.3779662324796109 0.005886213607665898
v -0.20094752137289806 0.005965532990361677 -0.6641399494535157
v -0.2009475098532409 0.25216744968713445 -0.7075521161218034
v -0.24831451218419195 0.38920214801590797 0.0696080080122913
v -0.2483145237038491 0.14300023131913517 0.11302017468057898
v -0.4424289524527 0.2634033652234315 -0.643830321717178
v -0.4424289639723571 0.017201448526658725 -0.6004181550488904
vt 0.3125 0.1875
vt 0.375 0.1875
vt 0.375 0
vt 0.3125 0
vt 0.25 0.1875
vt 0.3125 0.1875
vt 0.3125 0
vt 0.25 0
vt 0.4375 0.1875
vt 0.5 0.1875
vt 0.5 0
vt 0.4375 0
vt 0.375 0.1875
vt 0.4375 0.1875
vt 0.4375 0
vt 0.375 0
vt 0.375 0.1875
vt 0.3125 0.1875
vt 0.3125 0.25
vt 0.375 0.25
vt 0.4375 0.25
vt 0.375 0.25
vt 0.375 0.1875
vt 0.4375 0.1875
vn 4.607862851696566e-8 0.9848076667870915 -0.1736486666731507
vn 0.9659257703978364 -0.04494366214518826 -0.2548871776185017
vn -4.607862851696566e-8 -0.9848076667870915 0.1736486666731507
vn -0.9659257703978364 0.04494366214518826 0.2548871776185017
vn 0.25881925369134406 0.16773171038996862 0.9512511063059593
vn -0.25881925369134406 -0.16773171038996862 -0.9512511063059593
usemtl m_6e0cfcd5-820a-aaed-742c-7b11c5e8b3f5
f 84/244/61 87/243/61 85/242/61 82/241/61
f 83/248/62 84/247/62 82/246/62 81/245/62
f 88/252/63 83/251/63 81/250/63 86/249/63
f 87/256/64 88/255/64 86/254/64 85/253/64
f 86/260/65 81/259/65 82/258/65 85/257/65
f 87/264/66 84/263/66 83/262/66 88/261/66
o Left Leg Layer
v 0.012303559177024859 0.11829525924311451 0.06289232707846308
v 0.01230357213663913 0.3952724155269839 0.01405363957663944
v -0.18989898276933767 -0.01274513949904843 -0.6802725997230675
v -0.1898989698097234 0.26423201678482094 -0.7291112872248912
v -0.25936305078775235 0.4079128205053181 0.08574065828184305
v -0.2593630637473666 0.1309356642214487 0.13457934578366668
v -0.46156559273411485 0.27687242176315513 -0.6574242685196875
v -0.4615656056937291 -0.00010473452071424472 -0.6085855810178639
vt 0.0625 0.1875
vt 0.125 0.1875
vt 0.125 0
vt 0.0625 0
vt 0 0.1875
vt 0.0625 0.1875
vt 0.0625 0
vt 0 0
vt 0.1875 0.1875
vt 0.25 0.1875
vt 0.25 0
vt 0.1875 0
vt 0.125 0.1875
vt 0.1875 0.1875
vt 0.1875 0
vt 0.125 0
vt 0.125 0.1875
vt 0.0625 0.1875
vt 0.0625 0.25
vt 0.125 0.25
vt 0.1875 0.25
vt 0.125 0.25
vt 0.125 0.1875
vt 0.1875 0.1875
vn 4.607862851696566e-8 0.9848076667870915 -0.1736486666731507
vn 0.9659257703978364 -0.04494366214518826 -0.2548871776185017
vn -4.607862851696566e-8 -0.9848076667870915 0.1736486666731507
vn -0.9659257703978364 0.04494366214518826 0.2548871776185017
vn 0.25881925369134406 0.16773171038996862 0.9512511063059593
vn -0.25881925369134406 -0.16773171038996862 -0.9512511063059593
usemtl m_6e0cfcd5-820a-aaed-742c-7b11c5e8b3f5
f 92/268/67 95/267/67 93/266/67 90/265/67
f 91/272/68 92/271/68 90/270/68 89/269/68
f 96/276/69 91/275/69 89/274/69 94/273/69
f 95/280/70 96/279/70 94/278/70 93/277/70
f 94/284/71 89/283/71 90/282/71 93/281/71
f 95/288/72 92/287/72 91/286/72 96/285/72