# Made in Blockbench 4.11.2
mtllib sittingWide.mtl

o Head
v 0.05370421502083961 1.4547248192650173 0.3777613077935609
v 0.3180012086086052 1.541466270804556 -0.03771795735126246
v 0.10350446648336525 0.9623209427589132 0.30663917793209894
v 0.36780146007113085 1.0490623942984518 -0.10884008721272445
v -0.10350446648336525 1.5376790572410868 -0.30663917793209894
v -0.36780146007113085 1.4509376057015482 0.10884008721272445
v -0.05370421502083961 1.0452751807349827 -0.3777613077935609
v -0.3180012086086052 0.9585337291954441 0.03771795735126246
vt 0.125 0.875
vt 0.25 0.875
vt 0.25 0.75
vt 0.125 0.75
vt 0 0.875
vt 0.125 0.875
vt 0.125 0.75
vt 0 0.75
vt 0.375 0.875
vt 0.5 0.875
vt 0.5 0.75
vt 0.375 0.75
vt 0.25 0.875
vt 0.375 0.875
vt 0.375 0.75
vt 0.25 0.75
vt 0.25 0.875
vt 0.125 0.875
vt 0.125 1
vt 0.25 1
vt 0.375 1
vt 0.25 1
vt 0.25 0.875
vt 0.375 0.875
vn 0.5285939871755313 0.1734829030790772 -0.8309585302896466
vn 0.8430113501839409 0.007574427126938094 0.5378424411616728
vn -0.5285939871755313 -0.1734829030790772 0.8309585302896466
vn -0.8430113501839409 -0.007574427126938094 -0.5378424411616728
vn -0.09960050292505132 0.9848077530122081 0.142244259722924
vn 0.09960050292505132 -0.9848077530122081 -0.142244259722924
usemtl m_63737a6b-fed6-1495-6003-3e26757f4364
f 4/4/1 7/3/1 5/2/1 2/1/1
f 3/8/2 4/7/2 2/6/2 1/5/2
f 8/12/3 3/11/3 1/10/3 6/9/3
f 7/16/4 8/15/4 6/14/4 5/13/4
f 6/20/5 1/19/5 2/18/5 5/17/5
f 7/24/6 4/23/6 3/22/6 8/21/6
o Hat Layer
v 0.06041724189844455 1.4803154216731444 0.424981471267756
v 0.35775135968468086 1.5778995546551253 -0.04243270202017027
v 0.11644252479378592 0.9263610606037773 0.3449690751736113
v 0.4137766425800222 1.0239451935857582 -0.122445098114315
v -0.11644252479378592 1.5736389393962227 -0.3449690751736113
v -0.4137766425800222 1.4760548064142418 0.122445098114315
v -0.06041724189844455 1.0196845783268556 -0.424981471267756
v -0.35775135968468086 0.9221004453448747 0.04243270202017027
vt 0.625 0.875
vt 0.75 0.875
vt 0.75 0.75
vt 0.625 0.75
vt 0.5 0.875
vt 0.625 0.875
vt 0.625 0.75
vt 0.5 0.75
vt 0.875 0.875
vt 1 0.875
vt 1 0.75
vt 0.875 0.75
vt 0.75 0.875
vt 0.875 0.875
vt 0.875 0.75
vt 0.75 0.75
vt 0.75 0.875
vt 0.625 0.875
vt 0.625 1
vt 0.75 1
vt 0.875 1
vt 0.75 1
vt 0.75 0.875
vt 0.875 0.875
vn 0.5285939871755313 0.1734829030790772 -0.8309585302896466
vn 0.8430113501839409 0.007574427126938094 0.5378424411616728
vn -0.5285939871755313 -0.1734829030790772 0.8309585302896466
vn -0.8430113501839409 -0.007574427126938094 -0.5378424411616728
vn -0.09960050292505132 0.9848077530122081 0.142244259722924
vn 0.09960050292505132 -0.9848077530122081 -0.142244259722924
usemtl m_63737a6b-fed6-1495-6003-3e26757f4364
f 12/28/7 15/27/7 13/26/7 10/25/7
f 11/32/8 12/31/8 10/30/8 9/29/8
f 16/36/9 11/35/9 9/34/9 14/33/9
f 15/40/10 16/39/10 14/38/10 13/37/10
f 14/44/11 9/43/11 10/42/11 13/41/11
f 15/48/12 12/47/12 11/46/12 16/45/12
o Body
v 0.25 1 0.125
v 0.25 1 -0.125
v 0.25 0.25 0.125
v 0.25 0.25 -0.125
v -0.25 1 -0.125
v -0.25 1 0.125
v -0.25 0.25 -0.125
v -0.25 0.25 0.125
vt 0.3125 0.6875
vt 0.4375 0.6875
vt 0.4375 0.5
vt 0.3125 0.5
vt 0.25 0.6875
vt 0.3125 0.6875
vt 0.3125 0.5
vt 0.25 0.5
vt 0.5 0.6875
vt 0.625 0.6875
vt 0.625 0.5
vt 0.5 0.5
vt 0.4375 0.6875
vt 0.5 0.6875
vt 0.5 0.5
vt 0.4375 0.5
vt 0.4375 0.6875
vt 0.3125 0.6875
vt 0.3125 0.75
vt 0.4375 0.75
vt 0.5625 0.75
vt 0.4375 0.75
vt 0.4375 0.6875
vt 0.5625 0.6875
vn 0 0 -1
vn 1 0 0
vn 0 0 1
vn -1 0 0
vn 0 1 0
vn 0 -1 0
usemtl m_63737a6b-fed6-1495-6003-3e26757f4364
f 20/52/13 23/51/13 21/50/13 18/49/13
f 19/56/14 20/55/14 18/54/14 17/53/14
f 24/60/15 19/59/15 17/58/15 22/57/15
f 23/64/16 24/63/16 22/62/16 21/61/16
f 22/68/17 17/67/17 18/66/17 21/65/17
f 23/72/18 20/71/18 19/70/18 24/69/18
o Body Layer
v 0.265625 1.015625 0.140625
v 0.265625 1.015625 -0.140625
v 0.265625 0.234375 0.140625
v 0.265625 0.234375 -0.140625
v -0.265625 1.015625 -0.140625
v -0.265625 1.015625 0.140625
v -0.265625 0.234375 -0.140625
v -0.265625 0.234375 0.140625
vt 0.3125 0.4375
vt 0.4375 0.4375
vt 0.4375 0.25
vt 0.3125 0.25
vt 0.25 0.4375
vt 0.3125 0.4375
vt 0.3125 0.25
vt 0.25 0.25
vt 0.5 0.4375
vt 0.625 0.4375
vt 0.625 0.25
vt 0.5 0.25
vt 0.4375 0.4375
vt 0.5 0.4375
vt 0.5 0.25
vt 0.4375 0.25
vt 0.4375 0.4375
vt 0.3125 0.4375
vt 0.3125 0.5
vt 0.4375 0.5
vt 0.5625 0.5
vt 0.4375 0.5
vt 0.4375 0.4375
vt 0.5625 0.4375
vn 0 0 -1
vn 1 0 0
vn 0 0 1
vn -1 0 0
vn 0 1 0
vn 0 -1 0
usemtl m_63737a6b-fed6-1495-6003-3e26757f4364
f 28/76/19 31/75/19 29/74/19 26/73/19
f 27/80/20 28/79/20 26/78/20 25/77/20
f 32/84/21 27/83/21 25/82/21 30/81/21
f 31/88/22 32/87/22 30/86/22 29/85/22
f 30/92/23 25/91/23 26/90/23 29/89/23
f 31/96/24 28/95/24 27/94/24 32/93/24
o Right Arm
v 0.5166253226236595 0.9397426047854751 0.12285556037689363
v 0.48476727255140806 1.0546393214314371 -0.09688021083382989
v 0.4954370436339702 0.2741250441308939 -0.22211446699026755
v 0.46357899356171883 0.3890217607768559 -0.44185023820099106
v 0.2369060572079555 1.0461936553236217 -0.0653605558157001
v 0.2687641072802068 0.9312969386776596 0.1543752153950234
v 0.21571777821826627 0.3805760946690405 -0.41033058318286125
v 0.2475758282905176 0.2656793780230785 -0.19059481197213773
vt 0.6875 0.6875
vt 0.75 0.6875
vt 0.75 0.5
vt 0.6875 0.5
vt 0.625 0.6875
vt 0.6875 0.6875
vt 0.6875 0.5
vt 0.625 0.5
vt 0.8125 0.6875
vt 0.875 0.6875
vt 0.875 0.5
vt 0.8125 0.5
vt 0.75 0.6875
vt 0.8125 0.6875
vt 0.8125 0.5
vt 0.75 0.5
vt 0.75 0.6875
vt 0.6875 0.6875
vt 0.6875 0.75
vt 0.75 0.75
vt 0.8125 0.75
vt 0.75 0.75
vt 0.75 0.6875
vt 0.8125 0.6875
vn -0.12743220028900526 0.45958686658384834 -0.8789430848428941
vn 0.9914448613738105 0.03378266443126186 -0.12607862007251916
vn 0.12743220028900526 -0.45958686658384834 0.8789430848428941
vn -0.9914448613738105 -0.03378266443126186 0.12607862007251916
vn 0.028251038652918937 0.887490080872775 0.4599600364895482
vn -0.028251038652918937 -0.887490080872775 -0.4599600364895482
usemtl m_63737a6b-fed6-1495-6003-3e26757f4364
f 36/100/25 39/99/25 37/98/25 34/97/25
f 35/104/26 36/103/26 34/102/26 33/101/26
f 40/108/27 35/107/27 33/106/27 38/105/27
f 39/112/28 40/111/28 38/110/28 37/109/28
f 38/116/29 33/115/29 34/114/29 37/113/29
f 39/120/30 36/119/30 35/118/30 40/117/30
o Right Arm Layer
v 0.5345491991910927 0.9469564466404781 0.14180594320907994
v 0.49870889285981 1.0762152528671853 -0.10539679940298402
v 0.5124780752434999 0.2536048209586226 -0.21753783529837967
v 0.4766377689122171 0.38286362718532985 -0.46474057791044365
v 0.21986502559842586 1.066713878495893 -0.06993718750758801
v 0.25570533192970857 0.9374550722691857 0.17726555510447595
v 0.19779390165083294 0.37336225281403745 -0.4292809660150476
v 0.23363420798211565 0.2441034465873302 -0.18207822340298363
vt 0.6875 0.4375
vt 0.75 0.4375
vt 0.75 0.25
vt 0.6875 0.25
vt 0.625 0.4375
vt 0.6875 0.4375
vt 0.6875 0.25
vt 0.625 0.25
vt 0.8125 0.4375
vt 0.875 0.4375
vt 0.875 0.25
vt 0.8125 0.25
vt 0.75 0.4375
vt 0.8125 0.4375
vt 0.8125 0.25
vt 0.75 0.25
vt 0.75 0.4375
vt 0.6875 0.4375
vt 0.6875 0.5
vt 0.75 0.5
vt 0.8125 0.5
vt 0.75 0.5
vt 0.75 0.4375
vt 0.8125 0.4375
vn -0.12743220028900526 0.45958686658384834 -0.8789430848428941
vn 0.9914448613738105 0.03378266443126186 -0.12607862007251916
vn 0.12743220028900526 -0.45958686658384834 0.8789430848428941
vn -0.9914448613738105 -0.03378266443126186 0.12607862007251916
vn 0.028251038652918937 0.887490080872775 0.4599600364895482
vn -0.028251038652918937 -0.887490080872775 -0.4599600364895482
usemtl m_63737a6b-fed6-1495-6003-3e26757f4364
f 44/124/31 47/123/31 45/122/31 42/121/31
f 43/128/32 44/127/32 42/126/32 41/125/32
f 48/132/33 43/131/33 41/130/33 46/129/33
f 47/136/34 48/135/34 46/134/34 45/133/34
f 46/140/35 41/139/35 42/138/35 45/137/35
f 47/144/36 44/143/36 43/142/36 48/141/36
o Left Arm
v -0.25262787066421644 0.9351855689436982 0.14204209013778937
v -0.24884950943368755 1.0512964606348525 -0.07932634667535854
v -0.24403341278298027 0.27098767795429457 -0.20619245280554932
v -0.2402550515524514 0.387098569645449 -0.4275608896186972
v -0.49880453898265625 1.0505140795545358 -0.08400299964723294
v -0.5025829002131852 0.9344031878633814 0.13736543716591498
v -0.49021008110142006 0.38631618856513206 -0.43223754259057157
v -0.49398844233194894 0.27020529687397765 -0.21086910577742368
vt 0.5625 0.1875
vt 0.625 0.1875
vt 0.625 0
vt 0.5625 0
vt 0.5 0.1875
vt 0.5625 0.1875
vt 0.5625 0
vt 0.5 0
vt 0.6875 0.1875
vt 0.75 0.1875
vt 0.75 0
vt 0.6875 0
vt 0.625 0.1875
vt 0.6875 0.1875
vt 0.6875 0
vt 0.625 0
vt 0.625 0.1875
vt 0.5625 0.1875
vt 0.5625 0.25
vt 0.625 0.25
vt 0.6875 0.25
vt 0.625 0.25
vt 0.625 0.1875
vt 0.6875 0.1875
vn 0.015113444922115485 0.4644435667646174 -0.8854737472525916
vn 0.9998201181958748 0.0031295243212674136 0.018706611887497636
vn -0.015113444922115485 -0.4644435667646174 0.8854737472525916
vn -0.9998201181958748 -0.0031295243212674136 -0.018706611887497636
vn -0.011459277174981573 0.8855971879858716 0.4643127239244516
vn 0.011459277174981573 -0.8855971879858716 -0.4643127239244516
usemtl m_63737a6b-fed6-1495-6003-3e26757f4364
f 52/148/37 55/147/37 53/146/37 50/145/37
f 51/152/38 52/151/38 50/150/38 49/149/38
f 56/156/39 51/155/39 49/154/39 54/153/39
f 55/160/40 56/159/40 54/158/40 53/157/40
f 54/164/41 49/163/41 50/162/41 53/161/41
f 55/168/42 52/167/42 51/166/42 56/165/42
o Left Arm Layer
v -0.23742088010017304 0.9418149930928001 0.16342479456067283
v -0.23317022371582807 1.0724397462453488 -0.08561469685411857
v -0.22846831980721868 0.249942189978838 -0.19931952100530492
v -0.22421766342287372 0.3805669431313866 -0.44835901242009635
v -0.5143696319584179 1.0715595675299923 -0.09087593144747727
v -0.5186202883427629 0.9409348143774436 0.15816355996731413
v -0.5054170716654635 0.3796867644160301 -0.45362024701345505
v -0.5096677280498084 0.2490620112634815 -0.20458075559866362
vt 0.8125 0.1875
vt 0.875 0.1875
vt 0.875 0
vt 0.8125 0
vt 0.75 0.1875
vt 0.8125 0.1875
vt 0.8125 0
vt 0.75 0
vt 0.9375 0.1875
vt 1 0.1875
vt 1 0
vt 0.9375 0
vt 0.875 0.1875
vt 0.9375 0.1875
vt 0.9375 0
vt 0.875 0
vt 0.875 0.1875
vt 0.8125 0.1875
vt 0.8125 0.25
vt 0.875 0.25
vt 0.9375 0.25
vt 0.875 0.25
vt 0.875 0.1875
vt 0.9375 0.1875
vn 0.015113444922115485 0.4644435667646174 -0.8854737472525916
vn 0.9998201181958748 0.0031295243212674136 0.018706611887497636
vn -0.015113444922115485 -0.4644435667646174 0.8854737472525916
vn -0.9998201181958748 -0.0031295243212674136 -0.018706611887497636
vn -0.011459277174981573 0.8855971879858716 0.4643127239244516
vn 0.011459277174981573 -0.8855971879858716 -0.4643127239244516
usemtl m_63737a6b-fed6-1495-6003-3e26757f4364
f 60/172/43 63/171/43 61/170/43 58/169/43
f 59/176/44 60/175/44 58/174/44 57/173/44
f 64/180/45 59/179/45 57/178/45 62/177/45
f 63/184/46 64/183/46 62/182/46 61/181/46
f 62/188/47 57/187/47 58/186/47 61/185/47
f 63/192/48 60/191/48 59/190/48 64/189/48
o Right Leg Layer
v 0.24444648923980922 0.1310119900777777 0.13125809147642387
v 0.24444648923980927 0.4076898110048571 0.08075120177766132
v 0.4201895004459537 -0.005689124888566766 -0.6175935371384541
v 0.4201895004459537 0.2709886960385126 -0.6681004268372167
v -0.029595091481038116 0.3963282329154912 0.018512234246551743
v -0.02959509148103817 0.11965041198841181 0.06901912394531429
v 0.14614791972510632 0.2596271179491467 -0.7303393943683262
v 0.14614791972510627 -0.017050702977932652 -0.6798325046695636
vt 0.0625 0.4375
vt 0.125 0.4375
vt 0.125 0.25
vt 0.0625 0.25
vt 0 0.4375
vt 0.0625 0.4375
vt 0.0625 0.25
vt 0 0.25
vt 0.1875 0.4375
vt 0.25 0.4375
vt 0.25 0.25
vt 0.1875 0.25
vt 0.125 0.4375
vt 0.1875 0.4375
vt 0.1875 0.25
vt 0.125 0.25
vt 0.125 0.4375
vt 0.0625 0.4375
vt 0.0625 0.5
vt 0.125 0.5
vt 0.1875 0.5
vt 0.125 0.5
vt 0.125 0.4375
vt 0.1875 0.4375
vn 1.7347234759768073e-16 0.9837433632962825 -0.17958005226226686
vn 0.9743700647852352 0.040396722095523134 0.2212941067772785
vn -1.7347234759768073e-16 -0.9837433632962825 0.17958005226226686
vn -0.9743700647852352 -0.040396722095523134 -0.2212941067772785
vn -0.22495105434386492 0.17497742715692094 0.958530084627044
vn 0.22495105434386492 -0.17497742715692094 -0.958530084627044
usemtl m_63737a6b-fed6-1495-6003-3e26757f4364
f 68/196/49 71/195/49 69/194/49 66/193/49
f 67/200/50 68/199/50 66/198/50 65/197/50
f 72/204/51 67/203/51 65/202/51 70/201/51
f 71/208/52 72/207/52 70/206/52 69/205/52
f 70/212/53 65/211/53 66/210/53 69/209/53
f 71/216/54 68/215/54 67/214/54 72/213/54
o Right Leg
v 0.2327368271551838 0.14301772954081865 0.11001736172955895
v 0.2327368072481436 0.3889535858494987 0.06512243348910068
v 0.40145011791307195 0.011784920342199301 -0.6088802494164812
v 0.4014500980060317 0.25772077665087934 -0.6537751776569395
v -0.010855708948165177 0.37885440532561787 0.00979890679478107
v -0.010855689041124994 0.13291854901693786 0.054693835035239335
v 0.15785758180972292 0.24762159612699852 -0.7090987043512591
v 0.1578576017167631 0.001685739818318488 -0.6642037761108008
vt 0.0625 0.6875
vt 0.125 0.6875
vt 0.125 0.5
vt 0.0625 0.5
vt 0 0.6875
vt 0.0625 0.6875
vt 0.0625 0.5
vt 0 0.5
vt 0.1875 0.6875
vt 0.25 0.6875
vt 0.25 0.5
vt 0.1875 0.5
vt 0.125 0.6875
vt 0.1875 0.6875
vt 0.1875 0.5
vt 0.125 0.5
vt 0.125 0.6875
vt 0.0625 0.6875
vt 0.0625 0.75
vt 0.125 0.75
vt 0.1875 0.75
vt 0.125 0.75
vt 0.125 0.6875
vt 0.1875 0.6875
vn -7.962816075263168e-8 0.9837434252347201 -0.17957971296183303
vn 0.9743700647852354 0.04039672209552315 0.2212941067772785
vn 7.962816075263168e-8 -0.9837434252347201 0.17957971296183303
vn -0.9743700647852354 -0.04039672209552315 -0.2212941067772785
vn -0.22495105434385082 0.1749770789314925 0.9585301481947202
vn 0.22495105434385082 -0.1749770789314925 -0.9585301481947202
usemtl m_63737a6b-fed6-1495-6003-3e26757f4364
f 76/220/55 79/219/55 77/218/55 74/217/55
f 75/224/56 76/223/56 74/222/56 73/221/56
f 80/228/57 75/227/57 73/226/57 78/225/57
f 79/232/58 80/231/58 78/230/58 77/229/58
f 78/236/59 73/235/59 74/234/59 77/233/59
f 79/240/60 76/239/60 75/238/60 80/237/60
o Left Leg
v -0.00683308139495889 0.131764302651063 0.04929834958810624
v -0.00683308139495889 0.37796624090411507 0.005886305171373778
v -0.20094736522184956 0.005965858028672916 -0.6641400823350423
v -0.20094736522184953 0.252167796281725 -0.7075521267517748
v -0.2483145379672259 0.38920210478600203 0.06960805573241849
v -0.2483145379672259 0.14300016653294995 0.11302010014915095
v -0.4424288217941166 0.26340366016361194 -0.64383037619073
v -0.4424288217941166 0.017201721910559853 -0.6004183317739975
vt 0.3125 0.1875
vt 0.375 0.1875
vt 0.375 0
vt 0.3125 0
vt 0.25 0.1875
vt 0.3125 0.1875
vt 0.3125 0
vt 0.25 0
vt 0.4375 0.1875
vt 0.5 0.1875
vt 0.5 0
vt 0.4375 0
vt 0.375 0.1875
vt 0.4375 0.1875
vt 0.4375 0
vt 0.375 0
vt 0.375 0.1875
vt 0.3125 0.1875
vt 0.3125 0.25
vt 0.375 0.25
vt 0.4375 0.25
vt 0.375 0.25
vt 0.375 0.1875
vt 0.4375 0.1875
vn 1.249000902703301e-16 0.9848077530122084 -0.17364817766692986
vn 0.9659258262890684 -0.044943455527547714 -0.2548870022441789
vn -1.249000902703301e-16 -0.9848077530122084 0.17364817766692986
vn -0.9659258262890684 0.044943455527547714 0.2548870022441789
vn 0.25881904510252085 0.16773125949652012 0.9512512425641979
vn -0.25881904510252085 -0.16773125949652012 -0.9512512425641979
usemtl m_63737a6b-fed6-1495-6003-3e26757f4364
f 84/244/61 87/243/61 85/242/61 82/241/61
f 83/248/62 84/247/62 82/246/62 81/245/62
f 88/252/63 83/251/63 81/250/63 86/249/63
f 87/256/64 88/255/64 86/254/64 85/253/64
f 86/260/65 81/259/65 82/258/65 85/257/65
f 87/264/66 84/263/66 83/262/66 88/261/66
o Left Leg Layer
v 0.012303557220534694 0.11829524094726246 0.06289229361915231
v 0.012303557220534694 0.395272421481946 0.014053743650328295
v -0.18989882176580972 -0.012744805534393888 -0.6802727396341274
v -0.18989882176580972 0.2642323750002897 -0.7291112896029514
v -0.2593630814232657 0.4079127683490688 0.08574071303150357
v -0.25936308142326575 0.13093558781438525 0.1345792630003276
v -0.4615654604096101 0.27687272186741246 -0.6574243202217761
v -0.4615654604096101 -0.0001044586672711012 -0.6085857702529521
vt 0.0625 0.1875
vt 0.125 0.1875
vt 0.125 0
vt 0.0625 0
vt 0 0.1875
vt 0.0625 0.1875
vt 0.0625 0
vt 0 0
vt 0.1875 0.1875
vt 0.25 0.1875
vt 0.25 0
vt 0.1875 0
vt 0.125 0.1875
vt 0.1875 0.1875
vt 0.1875 0
vt 0.125 0
vt 0.125 0.1875
vt 0.0625 0.1875
vt 0.0625 0.25
vt 0.125 0.25
vt 0.1875 0.25
vt 0.125 0.25
vt 0.125 0.1875
vt 0.1875 0.1875
vn 1.249000902703301e-16 0.9848077530122084 -0.17364817766692986
vn 0.9659258262890684 -0.044943455527547714 -0.2548870022441789
vn -1.249000902703301e-16 -0.9848077530122084 0.17364817766692986
vn -0.9659258262890684 0.044943455527547714 0.2548870022441789
vn 0.25881904510252085 0.16773125949652012 0.9512512425641979
vn -0.25881904510252085 -0.16773125949652012 -0.9512512425641979
usemtl m_63737a6b-fed6-1495-6003-3e26757f4364
f 92/268/67 95/267/67 93/266/67 90/265/67
f 91/272/68 92/271/68 90/270/68 89/269/68
f 96/276/69 91/275/69 89/274/69 94/273/69
f 95/280/70 96/279/70 94/278/70 93/277/70
f 94/284/71 89/283/71 90/282/71 93/281/71
f 95/288/72 92/287/72 91/286/72 96/285/72